CallTimes	tTotal	tInit	tVG	tLFG	tQC	tSBC	0	1	2	3	4	5	6	7	8	9	10	9Rate	0time	1time	2time	3time	4time	5time	6time	7time	8time	9time	10time	nSuccessCase
OKCase
1	0	0	0	0	0	0	0	1	0	0	0	0	0	0	0	0	0	1.0	0	0	0	0	0	0	0	0	0	0	0	67108865	1
1000001	5961	0	2	2567	2607	2499	971	1000001	0	0	0	0	0	0	0	0	0	1.0	5957	0	0	0	0	0	0	0	0	0	0	68108865	1
2000001	11817	0	6	5105	5187	4926	1954	2000001	0	0	0	0	0	0	0	0	0	1.0	11808	0	0	0	0	0	0	0	0	0	0	69108865	1
3000001	17661	0	9	7591	7712	7402	2954	3000001	0	0	0	0	0	0	0	0	0	1.0	17645	0	0	0	0	0	0	0	0	0	0	70108865	1
4000001	23476	0	17	10045	10207	9906	3970	4000001	0	0	0	0	0	0	0	0	0	1.0	23455	0	0	0	0	0	0	0	0	0	0	71108865	1
5000001	29322	0	21	12478	12679	12384	4946	5000001	0	0	0	0	0	0	0	0	0	1.0	29296	0	0	0	0	0	0	0	0	0	0	72108865	1
6000001	35199	0	29	14976	15217	14855	5946	6000001	0	0	0	0	0	0	0	0	0	1.0	35166	0	0	0	0	0	0	0	0	0	0	73108865	1
7000001	41351	0	35	17623	17904	17437	6997	7000001	0	0	0	0	0	0	0	0	0	1.0	41313	0	0	0	0	0	0	0	0	0	0	74108865	1
8000001	47297	0	40	20240	20562	19850	8009	8000001	0	0	0	0	0	0	0	0	0	1.0	47257	0	0	0	0	0	0	0	0	0	0	75108865	1
9000001	53167	0	45	22712	23064	22359	9024	9000001	0	0	0	0	0	0	0	0	0	1.0	53124	0	0	0	0	0	0	0	0	0	0	76108865	1
10000001	59174	0	53	25305	25686	24863	10014	10000001	0	0	0	0	0	0	0	0	0	1.0	59122	0	0	0	0	0	0	0	0	0	0	77108865	1
11000001	65228	0	55	27922	28351	27387	11026	11000001	0	0	0	0	0	0	0	0	0	1.0	65173	0	0	0	0	0	0	0	0	0	0	78108865	1
12000001	71238	0	64	30524	30988	29893	12010	12000001	0	0	0	0	0	0	0	0	0	1.0	71177	0	0	0	0	0	0	0	0	0	0	79108865	1
13000001	77815	0	68	33298	33803	32709	13068	13000001	0	0	0	0	0	0	0	0	0	1.0	77746	0	0	0	0	0	0	0	0	0	0	80108865	1
14000001	85375	0	80	36589	37158	35863	14113	14000001	0	0	0	0	0	0	0	0	0	1.0	85300	0	0	0	0	0	0	0	0	0	0	81108865	1
15000001	92261	0	85	39545	40163	38753	15161	15000001	0	0	0	0	0	0	0	0	0	1.0	92180	0	0	0	0	0	0	0	0	0	0	82108865	1
16000001	99084	0	90	42371	43029	41732	16207	16000001	0	0	0	0	0	0	0	0	0	1.0	98992	0	0	0	0	0	0	0	0	0	0	83108865	1
17000001	106089	0	98	45409	46117	44622	17284	17000001	0	0	0	0	0	0	0	0	0	1.0	105990	0	0	0	0	0	0	0	0	0	0	84108865	1
18000001	113176	0	106	48491	49255	47553	18359	18000001	0	0	0	0	0	0	0	0	0	1.0	113066	0	0	0	0	0	0	0	0	0	0	85108865	1
19000001	120232	0	112	51560	52354	50505	19454	19000001	0	0	0	0	0	0	0	0	0	1.0	120113	0	0	0	0	0	0	0	0	0	0	86108865	1
20000001	127244	0	123	54531	55372	53537	20515	20000001	0	0	0	0	0	0	0	0	0	1.0	127116	0	0	0	0	0	0	0	0	0	0	87108865	1
21000001	134239	0	129	57601	58478	56455	21543	21000001	0	0	0	0	0	0	0	0	0	1.0	134100	0	0	0	0	0	0	0	0	0	0	88108865	1
22000001	141297	0	138	60615	61536	59435	22639	22000001	0	0	0	0	0	0	0	0	0	1.0	141153	0	0	0	0	0	0	0	0	0	0	89108865	1
23000001	148197	0	148	63627	64604	62311	23664	23000001	0	0	0	0	0	0	0	0	0	1.0	148047	0	0	0	0	0	0	0	0	0	0	90108865	1
24000001	155556	0	154	66767	67791	65411	24800	24000001	0	0	0	0	0	0	0	0	0	1.0	155391	0	0	0	0	0	0	0	0	0	0	91108865	1
25000001	163490	0	164	70115	71191	68708	25968	25000001	0	0	0	0	0	0	0	0	0	1.0	163301	0	0	0	0	0	0	0	0	0	0	92108865	1
26000001	170934	0	171	73297	74438	71899	27060	26000001	0	0	0	0	0	0	0	0	0	1.0	170738	0	0	0	0	0	0	0	0	0	0	93108865	1
27000001	178206	0	178	76415	77599	74946	28105	27000001	0	0	0	0	0	0	0	0	0	1.0	177999	0	0	0	0	0	0	0	0	0	0	94108865	1
28000001	185368	0	185	79500	80739	77908	29232	28000001	0	0	0	0	0	0	0	0	0	1.0	185149	0	0	0	0	0	0	0	0	0	0	95108865	1
29000001	192345	0	199	82495	83790	80817	30301	29000001	0	0	0	0	0	0	0	0	0	1.0	192113	0	0	0	0	0	0	0	0	0	0	96108865	1
30000001	199224	0	203	85438	86771	83704	31361	30000001	0	0	0	0	0	0	0	0	0	1.0	198980	0	0	0	0	0	0	0	0	0	0	97108865	1
31000001	206108	0	214	88477	89875	86547	32400	31000001	0	0	0	0	0	0	0	0	0	1.0	205853	0	0	0	0	0	0	0	0	0	0	98108865	1
32000001	213032	0	222	91402	92855	89505	33484	32000001	0	0	0	0	0	0	0	0	0	1.0	212772	0	0	0	0	0	0	0	0	0	0	99108865	1
33000001	219857	0	226	94379	95875	92336	34613	33000001	0	0	0	0	0	0	0	0	0	1.0	219589	0	0	0	0	0	0	0	0	0	0	100108865	1
34000001	226746	0	232	97230	98774	95316	35718	34000001	0	0	0	0	0	0	0	0	0	1.0	226470	0	0	0	0	0	0	0	0	0	0	101108865	1
35000001	234099	0	241	100337	101950	98436	36872	35000001	0	0	0	0	0	0	0	0	0	1.0	233812	0	0	0	0	0	0	0	0	0	0	102108865	1
36000001	240096	0	246	102896	104545	100974	37822	36000001	0	0	0	0	0	0	0	0	0	1.0	239803	0	0	0	0	0	0	0	0	0	0	103108865	1
37000001	246510	0	249	105545	107236	103691	38854	37000001	0	0	0	0	0	0	0	0	0	1.0	246209	0	0	0	0	0	0	0	0	0	0	104108865	1
38000001	252383	0	257	108045	109774	106161	39848	38000001	0	0	0	0	0	0	0	0	0	1.0	252076	0	0	0	0	0	0	0	0	0	0	105108865	1
39000001	258858	0	260	110807	112569	108946	40917	39000001	0	0	0	0	0	0	0	0	0	1.0	258544	0	0	0	0	0	0	0	0	0	0	106108865	1
40000001	265715	0	267	113798	115608	111804	42030	40000001	0	0	0	0	0	0	0	0	0	1.0	265392	0	0	0	0	0	0	0	0	0	0	107108865	1
41000001	272200	0	278	116550	118393	114496	43076	41000001	0	0	0	0	0	0	0	0	0	1.0	271872	0	0	0	0	0	0	0	0	0	0	108108865	1
42000001	278047	0	282	119056	120925	116939	44101	42000001	0	0	0	0	0	0	0	0	0	1.0	277714	0	0	0	0	0	0	0	0	0	0	109108865	1
43000001	283955	0	289	121596	123519	119428	45142	43000001	0	0	0	0	0	0	0	0	0	1.0	283620	0	0	0	0	0	0	0	0	0	0	110108865	1
44000001	289925	0	294	124136	126104	121946	46134	44000001	0	0	0	0	0	0	0	0	0	1.0	289587	0	0	0	0	0	0	0	0	0	0	111108865	1
45000001	295886	0	299	126643	128646	124505	47173	45000001	0	0	0	0	0	0	0	0	0	1.0	295544	0	0	0	0	0	0	0	0	0	0	112108865	1
46000001	301835	0	305	129133	131175	127003	48174	46000001	0	0	0	0	0	0	0	0	0	1.0	301486	0	0	0	0	0	0	0	0	0	0	113108865	1
47000001	307757	0	311	131732	133808	129465	49212	47000001	0	0	0	0	0	0	0	0	0	1.0	307400	0	0	0	0	0	0	0	0	0	0	114108865	1
48000001	313764	0	313	134240	136367	132021	50230	48000001	0	0	0	0	0	0	0	0	0	1.0	313404	0	0	0	0	0	0	0	0	0	0	115108865	1
49000001	319682	0	322	136752	138913	134537	51265	49000001	0	0	0	0	0	0	0	0	0	1.0	319316	0	0	0	0	0	0	0	0	0	0	116108865	1
50000001	326471	0	324	139613	141823	137370	52325	50000001	0	0	0	0	0	0	0	0	0	1.0	326097	0	0	0	0	0	0	0	0	0	0	117108865	1
51000001	334029	0	331	142867	145133	140504	53417	51000001	0	0	0	0	0	0	0	0	0	1.0	333649	0	0	0	0	0	0	0	0	0	0	118108865	1
52000001	340327	0	334	145511	147826	143141	54426	52000001	0	0	0	0	0	0	0	0	0	1.0	339941	0	0	0	0	0	0	0	0	0	0	119108865	1
53000001	346683	0	339	148184	150542	145849	55441	53000001	0	0	0	0	0	0	0	0	0	1.0	346288	0	0	0	0	0	0	0	0	0	0	120108865	1
54000001	352748	0	345	150662	153048	148482	56425	54000001	0	0	0	0	0	0	0	0	0	1.0	352347	0	0	0	0	0	0	0	0	0	0	121108865	1
55000001	358986	0	351	153251	155683	151110	57447	55000001	0	0	0	0	0	0	0	0	0	1.0	358579	0	0	0	0	0	0	0	0	0	0	122108865	1
56000001	365081	0	357	155843	158316	153690	58442	56000001	0	0	0	0	0	0	0	0	0	1.0	364666	0	0	0	0	0	0	0	0	0	0	123108865	1
57000001	371179	0	361	158400	160919	156256	59421	57000001	0	0	0	0	0	0	0	0	0	1.0	370757	0	0	0	0	0	0	0	0	0	0	124108865	1
58000001	377019	0	371	160873	163422	158729	60443	58000001	0	0	0	0	0	0	0	0	0	1.0	376592	0	0	0	0	0	0	0	0	0	0	125108865	1
59000001	382923	0	375	163399	165982	161190	61458	59000001	0	0	0	0	0	0	0	0	0	1.0	382493	0	0	0	0	0	0	0	0	0	0	126108865	1
60000001	388806	0	381	165894	168520	163699	62414	60000001	0	0	0	0	0	0	0	0	0	1.0	388372	0	0	0	0	0	0	0	0	0	0	127108865	1
61000001	394624	0	386	168340	170998	166094	63439	61000001	0	0	0	0	0	0	0	0	0	1.0	394186	0	0	0	0	0	0	0	0	0	0	128108865	1
62000001	400475	0	392	170829	173530	168607	64418	62000001	0	0	0	0	0	0	0	0	0	1.0	400035	0	0	0	0	0	0	0	0	0	0	129108865	1
63000001	406341	0	395	173302	176041	171092	65419	63000001	0	0	0	0	0	0	0	0	0	1.0	405897	0	0	0	0	0	0	0	0	0	0	130108865	1
64000001	412305	0	396	175899	178670	173563	66439	64000001	0	0	0	0	0	0	0	0	0	1.0	411859	0	0	0	0	0	0	0	0	0	0	131108865	1
65000001	418092	0	402	178235	181050	176053	67513	65000001	0	0	0	0	0	0	0	0	0	1.0	417641	0	0	0	0	0	0	0	0	0	0	132108865	1
66000001	424058	0	409	180760	183608	178599	68499	66000001	0	0	0	0	0	0	0	0	0	1.0	423602	0	0	0	0	0	0	0	0	0	0	133108865	1
67000001	430004	0	416	183279	186169	181097	69484	67000001	0	0	0	0	0	0	0	0	0	1.0	429544	0	0	0	0	0	0	0	0	0	0	134108865	1
67108864	430695	0	418	183592	186490	181379	69575	67108864	0	0	0	0	0	0	0	0	0	1.0	430235	0	0	0	0	0	0	0	0	0	0	134217728	1
