CallTimes	tTotal	tInit	tVG	tLFG	tQC	tSBC	0	1	2	3	4	5	6	7	8	9	10	9Rate	0time	1time	2time	3time	4time	5time	6time	7time	8time	9time	10time	nSuccessCase
OKCase
1	1	0	0	0	0	0	0	1	0	0	0	0	0	0	0	0	0	1.0	1	0	0	0	0	0	0	0	0	0	0	1	1
1000001	60707	0	1493	29002	37071	21526	0	334430	0	0	0	0	0	0	0	0	0	0.33442966557033443	3308	0	0	0	0	0	0	0	0	0	57389	334430	233340
2000001	120604	0	3087	57834	73969	42369	0	668442	0	0	0	0	0	0	0	0	0	0.33422083288958354	6754	0	0	0	0	0	0	0	0	0	113833	668442	466052
3000001	182370	0	4642	87509	111998	63917	0	1002596	0	0	0	0	0	0	0	0	0	0.33419855526714826	10135	0	0	0	0	0	0	0	0	0	172201	1002596	699010
4000001	240440	0	6073	115564	147855	84155	0	1337179	0	0	0	0	0	0	0	0	0	0.3342946664263334	13319	0	0	0	0	0	0	0	0	0	227082	1337179	932488
5000001	301853	0	7691	145284	185728	105492	0	1671181	0	0	0	0	0	0	0	0	0	0.3342361331527734	16670	0	0	0	0	0	0	0	0	0	285131	1671181	1165419
6000001	363139	0	9283	174458	223151	127229	0	2005984	0	0	0	0	0	0	0	0	0	0.3343306109448982	19984	0	0	0	0	0	0	0	0	0	343093	2005984	1399554
7000001	424636	0	10874	203995	260961	148755	0	2341209	0	0	0	0	0	0	0	0	0	0.3344583807916599	23442	0	0	0	0	0	0	0	0	0	401128	2341209	1632957
8000001	485968	0	12411	233545	298825	170102	0	2675908	0	0	0	0	0	0	0	0	0	0.33448845818894274	26795	0	0	0	0	0	0	0	0	0	459104	2675908	1866267
9000001	547601	0	13949	262958	336641	191783	0	3010366	0	0	0	0	0	0	0	0	0	0.3344850739461029	30158	0	0	0	0	0	0	0	0	0	517368	3010366	2099459
10000001	609322	0	15580	292443	374578	213316	0	3344150	0	0	0	0	0	0	0	0	0	0.33441496655850333	33523	0	0	0	0	0	0	0	0	0	575719	3344150	2332186
11000001	670252	0	17164	321594	412173	234513	0	3679078	0	0	0	0	0	0	0	0	0	0.3344616059580358	36794	0	0	0	0	0	0	0	0	0	633370	3679078	2565916
12000001	731501	0	18736	351179	450140	255647	0	4013499	0	0	0	0	0	0	0	0	0	0.3344582221284815	40224	0	0	0	0	0	0	0	0	0	691184	4013499	2799144
13000001	792613	0	20340	380645	487776	276956	0	4348329	0	0	0	0	0	0	0	0	0	0.3344868204240907	43507	0	0	0	0	0	0	0	0	0	749004	4348329	3031962
14000001	854269	0	21944	410252	525692	298522	0	4682465	0	0	0	0	0	0	0	0	0	0.3344617618241599	46935	0	0	0	0	0	0	0	0	0	807223	4682465	3264782
15000001	915595	0	23520	439859	563480	319905	0	5017250	0	0	0	0	0	0	0	0	0	0.33448331103444595	50327	0	0	0	0	0	0	0	0	0	865149	5017250	3498245
16000001	977075	0	25044	469690	601576	341174	0	5351783	0	0	0	0	0	0	0	0	0	0.334486416594599	53706	0	0	0	0	0	0	0	0	0	923236	5351783	3731188
17000001	1038301	0	26602	498994	639022	362822	0	5687025	0	0	0	0	0	0	0	0	0	0.33453086267465515	57048	0	0	0	0	0	0	0	0	0	981109	5687025	3965041
18000001	1099551	0	28188	528534	676664	384240	0	6022012	0	0	0	0	0	0	0	0	0	0.3345562036357665	60401	0	0	0	0	0	0	0	0	0	1038995	6022012	4198400
19000001	1161720	0	29855	558341	714891	405963	0	6356435	0	0	0	0	0	0	0	0	0	0.3345491929184635	63875	0	0	0	0	0	0	0	0	0	1097678	6356435	4431703
20000001	1223160	0	31462	587816	752506	427606	0	6691273	0	0	0	0	0	0	0	0	0	0.3345636332718183	67253	0	0	0	0	0	0	0	0	0	1155734	6691273	4664865
21000001	1284333	0	32943	617239	790158	449094	0	7025807	0	0	0	0	0	0	0	0	0	0.3345622221637037	70525	0	0	0	0	0	0	0	0	0	1213621	7025807	4897848
22000001	1348506	0	34597	648153	829723	471413	0	7360086	0	0	0	0	0	0	0	0	0	0.33454934842957507	74007	0	0	0	0	0	0	0	0	0	1274294	7360086	5131077
23000001	1410452	0	36257	677894	867829	492982	0	7694653	0	0	0	0	0	0	0	0	0	0.3345501158891254	77361	0	0	0	0	0	0	0	0	0	1332879	7694653	5364574
24000001	1471618	0	37879	707546	905683	514123	0	8028952	0	0	0	0	0	0	0	0	0	0.33453965272751446	80764	0	0	0	0	0	0	0	0	0	1390639	8028952	5597474
25000001	1532999	0	39554	737127	943455	535482	0	8363288	0	0	0	0	0	0	0	0	0	0.33453150661873976	84213	0	0	0	0	0	0	0	0	0	1448559	8363288	5830425
26000001	1623604	0	41747	780032	998923	567386	0	8697961	0	0	0	0	0	0	0	0	0	0.33453694867165584	89036	0	0	0	0	0	0	0	0	0	1534332	8697961	6063142
27000001	1720538	0	44228	825919	1058064	601496	0	9031634	0	0	0	0	0	0	0	0	0	0.33450495057389074	94406	0	0	0	0	0	0	0	0	0	1625879	9031634	6296265
28000001	1807626	0	46524	867422	1111376	631946	0	9365878	0	0	0	0	0	0	0	0	0	0.3344956309108703	99245	0	0	0	0	0	0	0	0	0	1708112	9365878	6529116
29000001	1892981	0	48741	908239	1163895	661594	0	9699896	0	0	0	0	0	0	0	0	0	0.33447916088002894	104061	0	0	0	0	0	0	0	0	0	1788634	9699896	6761930
30000001	1980848	0	50929	950290	1217841	692282	0	10033108	0	0	0	0	0	0	0	0	0	0.3344369221854359	108979	0	0	0	0	0	0	0	0	0	1871568	10033108	6994459
31000001	2066221	0	53137	991339	1270590	721716	0	10367111	0	0	0	0	0	0	0	0	0	0.3344229246960347	113702	0	0	0	0	0	0	0	0	0	1952196	10367111	7227277
32000001	2152272	0	55328	1032651	1323540	751651	0	10701549	0	0	0	0	0	0	0	0	0	0.3344233957992689	118577	0	0	0	0	0	0	0	0	0	2033351	10701549	7460409
33000001	2237653	0	57567	1073300	1375919	781471	0	11036095	0	0	0	0	0	0	0	0	0	0.33442711107796635	123353	0	0	0	0	0	0	0	0	0	2113936	11036095	7693916
34000001	2323034	0	59756	1114155	1428389	811126	0	11370758	0	0	0	0	0	0	0	0	0	0.33443404898723383	128183	0	0	0	0	0	0	0	0	0	2194472	11370758	7927631
35000001	2410211	0	61968	1155863	1482029	841489	0	11705169	0	0	0	0	0	0	0	0	0	0.3344333904447603	133130	0	0	0	0	0	0	0	0	0	2276686	11705169	8160610
36000001	2494982	0	64097	1196906	1534563	870649	0	12039595	0	0	0	0	0	0	0	0	0	0.33443318515463377	137807	0	0	0	0	0	0	0	0	0	2356769	12039595	8393884
37000001	2580590	0	66305	1237538	1586828	900766	0	12374140	0	0	0	0	0	0	0	0	0	0.3344362071773998	142699	0	0	0	0	0	0	0	0	0	2437466	12374140	8626802
38000001	2668836	0	68573	1279581	1640958	931614	0	12708632	0	0	0	0	0	0	0	0	0	0.33443767540953484	147634	0	0	0	0	0	0	0	0	0	2520762	12708632	8859876
39000001	2758463	0	70935	1322277	1695798	963022	0	13044243	0	0	0	0	0	0	0	0	0	0.3344677606546728	152689	0	0	0	0	0	0	0	0	0	2605317	13044243	9094057
40000001	2844492	0	73068	1363223	1748451	993315	0	13378783	0	0	0	0	0	0	0	0	0	0.33446956663826083	157511	0	0	0	0	0	0	0	0	0	2686505	13378783	9327696
41000001	2928631	0	75296	1403571	1800124	1022530	0	13713086	0	0	0	0	0	0	0	0	0	0.33446550403742675	162292	0	0	0	0	0	0	0	0	0	2765844	13713086	9561100
42000001	3013518	0	77427	1444197	1852349	1052132	0	14048214	0	0	0	0	0	0	0	0	0	0.3344812777504458	166917	0	0	0	0	0	0	0	0	0	2846093	14048214	9794882
43000001	3105543	0	79782	1488292	1908887	1084187	0	14382853	0	0	0	0	0	0	0	0	0	0.3344849457096524	172020	0	0	0	0	0	0	0	0	0	2932992	14382853	10028084
44000001	3205339	0	82391	1535652	1969873	1119179	0	14717694	0	0	0	0	0	0	0	0	0	0.33449303785243095	177565	0	0	0	0	0	0	0	0	0	3027217	14717694	10261108
45000001	3289437	0	84490	1575693	2021566	1148533	0	15052663	0	0	0	0	0	0	0	0	0	0.3345036147888086	182338	0	0	0	0	0	0	0	0	0	3106527	15052663	10494481
46000001	3373873	0	86656	1616083	2073440	1177928	0	15387158	0	0	0	0	0	0	0	0	0	0.33450342751079504	187066	0	0	0	0	0	0	0	0	0	3186218	15387158	10727973
47000001	3457828	0	88874	1656296	2125127	1207051	0	15721593	0	0	0	0	0	0	0	0	0	0.33450197160634104	191755	0	0	0	0	0	0	0	0	0	3265467	15721593	10960936
48000001	3544581	0	91157	1697699	2178159	1237433	0	16055742	0	0	0	0	0	0	0	0	0	0.3344946180313621	196585	0	0	0	0	0	0	0	0	0	3347381	16055742	11193678
49000001	3631997	0	93357	1739475	2231800	1268003	0	16390462	0	0	0	0	0	0	0	0	0	0.3344992176632813	201469	0	0	0	0	0	0	0	0	0	3429896	16390462	11427615
50000001	3727975	0	95780	1784869	2290440	1301768	0	16725039	0	0	0	0	0	0	0	0	0	0.3345007733099845	206705	0	0	0	0	0	0	0	0	0	3520623	16725039	11661066
51000001	3818686	0	98038	1828017	2345924	1333670	0	17059436	0	0	0	0	0	0	0	0	0	0.33449873853924045	211661	0	0	0	0	0	0	0	0	0	3606355	17059436	11894230
52000001	3906489	0	100305	1869751	2399811	1364304	0	17393981	0	0	0	0	0	0	0	0	0	0.33449962818269946	216674	0	0	0	0	0	0	0	0	0	3689117	17393981	12127253
53000001	3992023	0	102461	1910486	2452465	1394056	0	17728504	0	0	0	0	0	0	0	0	0	0.33450006916037606	221373	0	0	0	0	0	0	0	0	0	3769942	17728504	12360124
54000001	4075235	0	104585	1950486	2503683	1423051	0	18063813	0	0	0	0	0	0	0	0	0	0.33451504936083243	226043	0	0	0	0	0	0	0	0	0	3848473	18063813	12594179
55000001	4161013	0	106787	1991235	2556308	1453002	0	18398224	0	0	0	0	0	0	0	0	0	0.3345131575543062	230846	0	0	0	0	0	0	0	0	0	3929399	18398224	12827644
56000001	4244500	0	108842	2031044	2607572	1482200	0	18732545	0	0	0	0	0	0	0	0	0	0.33450972616946917	235414	0	0	0	0	0	0	0	0	0	4008304	18732545	13060775
57000001	4323950	0	110877	2068952	2656290	1510024	0	19067232	0	0	0	0	0	0	0	0	0	0.33451283623661693	239905	0	0	0	0	0	0	0	0	0	4083243	19067232	13294724
58000001	4405046	0	112919	2107773	2706103	1538375	0	19401472	0	0	0	0	0	0	0	0	0	0.3345081321636529	244263	0	0	0	0	0	0	0	0	0	4159973	19401472	13527445
59000001	4490669	0	115200	2148730	2758601	1568309	0	19735256	0	0	0	0	0	0	0	0	0	0.3344958587373583	249103	0	0	0	0	0	0	0	0	0	4240739	19735256	13760208
60000001	4578103	0	117370	2190573	2812366	1598833	0	20070093	0	0	0	0	0	0	0	0	0	0.33450154442497426	253928	0	0	0	0	0	0	0	0	0	4323332	20070093	13993736
61000001	4661477	0	119475	2230492	2863553	1628005	0	20404193	0	0	0	0	0	0	0	0	0	0.3344949617295908	258366	0	0	0	0	0	0	0	0	0	4402246	20404193	14227050
62000001	4761204	0	122037	2277699	2924769	1662790	0	20738622	0	0	0	0	0	0	0	0	0	0.33449389783074357	263950	0	0	0	0	0	0	0	0	0	4496371	20738622	14460517
63000001	4857619	0	124563	2323277	2983771	1696533	0	21073605	0	0	0	0	0	0	0	0	0	0.3345016613571165	269390	0	0	0	0	0	0	0	0	0	4587327	21073605	14694357
64000001	4945255	0	126804	2365084	3037502	1727252	0	21408311	0	0	0	0	0	0	0	0	0	0.3345048541483617	274222	0	0	0	0	0	0	0	0	0	4670116	21408311	14928144
65000001	5029855	0	128908	2405558	3089522	1756862	0	21742769	0	0	0	0	0	0	0	0	0	0.33450413331532103	278766	0	0	0	0	0	0	0	0	0	4750153	21742769	15161266
66000001	5125135	0	131410	2451133	3148026	1789980	0	22077742	0	0	0	0	0	0	0	0	0	0.33451123735589033	284241	0	0	0	0	0	0	0	0	0	4839937	22077742	15394381
67000001	5218476	0	133901	2495669	3205337	1822362	0	22412280	0	0	0	0	0	0	0	0	0	0.3345116367983338	289426	0	0	0	0	0	0	0	0	0	4928075	22412280	15627327
67108864	5229074	0	134173	2500704	3211876	1826028	0	22448716	0	0	0	0	0	0	0	0	0	0.334511935710907	289982	0	0	0	0	0	0	0	0	0	4938113	22448716	15652880
