CallTimes	TotalTime	GenVoltageTime	GenLFTime	CheckQTime	CheckConnectTime	ReverseBTime	ReverseYTime	0	1	2	3	4	5	6	7	8	9	10	9Rate	0time	1time	2time	3time	4time	5time	6time	7time	8time	9time	10time	SuccessCaseLFTime
1	1	1137	72818	569	15929	523947	524516	1	0	0	0	0	0	0	0	0	0	1.0	0	0	0	0	0	0	0	0	0	0	0	1
1000001	114692	525177564	76953232355	12932353824	23613377003	523947	524516	24576	137417	2208	3754	1994	0	0	0	0	0	0.16994883005116995	484	4397	120	206	128	0	0	0	0	0	109356	454652
2000001	224549	1049673747	150753647698	25366875098	46394040456	523947	524516	44640	287797	15927	5112	2564	64	20	0	0	0	0.17806191096904453	888	9093	713	282	163	4	1	0	0	0	213404	891270
3000001	334973	1579017024	224717900440	37952573612	69217246171	523947	524516	70656	428443	21002	8320	4080	64	32	0	0	0	0.1775322741559086	1386	13347	944	436	276	4	2	0	0	0	318577	1320483
4000001	445470	2110821361	298820323871	50387270028	92144904647	523947	524516	86112	579731	29287	12336	5904	64	32	32	0	0	0.17837445540638616	1698	18001	1304	654	414	4	2	3	0	0	423389	1772395
5000001	553013	2640684119	371254481133	62384070668	114340493063	523947	524516	127345	736724	32713	20805	9268	64	32	32	0	0	0.1853965629206874	2461	22912	1449	1088	636	4	2	3	0	0	524457	2262545
6000001	661047	3169760906	443620207810	74353326162	136674048573	523947	524516	197664	859264	40885	24113	13176	2432	64	32	0	0	0.18960496839917193	3743	26616	1799	1288	924	184	7	3	0	0	626482	2700889
7000001	768592	3671324596	516235866775	86301730567	158752106329	523947	524516	257472	991208	48566	24678	19382	2464	86	32	0	0	0.19198397257371821	4898	30684	2106	1317	1299	187	8	3	0	0	728089	3173252
8000001	877119	4186178240	588718464603	98299275840	181123241392	523947	524516	338208	1102511	54073	29876	19520	2496	96	32	0	0	0.19335147583106552	6488	34327	2345	1600	1307	188	8	3	0	0	830852	3608765
9000001	989143	4698917184	663717294032	110834041813	204364419193	523947	524516	379872	1222278	59941	31376	22592	2496	96	32	0	0	0.19096475655947148	7331	38092	2628	1687	1531	188	8	3	0	0	937674	4041843
10000001	1099442	5213356247	737939126701	123166671945	227252054172	523947	524516	402432	1372881	64305	39024	22656	2496	96	32	0	0	0.1903921809607819	7810	42709	2796	2131	1536	188	8	3	0	0	1042260	4510050
11000001	1210459	5735564388	812537373817	135605791078	250279868283	523947	524516	426768	1513949	73879	44815	22688	2496	96	32	0	0	0.1895202554981586	8278	47195	3213	2440	1538	188	8	3	0	0	1147595	4989333
12000001	1320964	6282603076	886778953095	147978340380	273197072520	523947	524516	448800	1664099	81172	53456	22869	2528	96	64	0	0	0.18942365088136243	8695	51790	3501	2919	1550	198	8	7	0	0	1252295	5470783
13000001	1429337	6798820777	959763574193	160120781220	295613133195	523947	524516	483913	1814207	93262	54600	29595	5451	96	64	0	0	0.1908606007030307	9416	56369	4038	2980	2015	451	8	7	0	0	1354052	5977694
14000001	1537324	7292973858	1032270215229	172111569713	317802427963	523947	524516	554257	1934847	99950	58110	30176	6400	96	64	0	0	0.1917071291637765	10713	60223	4334	3196	2047	536	8	7	0	0	1456259	6439230
15000001	1647134	7840189199	1105890590682	184276607201	340578912562	523947	524516	619849	2050203	108803	58405	33454	6478	96	64	0	0	0.1918234538784364	12006	63882	4693	3217	2249	544	8	7	0	0	1560527	6900046
16000001	1756562	8350835821	1179175146832	196361228134	363194715912	523947	524516	694992	2166589	114046	59728	35973	6528	96	64	0	0	0.19237598797650074	13437	67612	4906	3299	2417	546	8	7	0	0	1664329	7377831
17000001	1868186	8871739551	1253958701307	208835106191	386323263569	523947	524516	760032	2268577	118608	59851	36955	8864	112	80	0	0	0.19135757697896605	14681	70836	5113	3308	2492	706	8	8	0	0	1771033	7826484
18000001	1981085	9399765747	1329856431371	221543840237	409637444612	523947	524516	774144	2410902	124129	64211	39360	8906	112	80	0	0	0.1901024338831981	14973	75232	5333	3533	2646	712	8	8	0	0	1878639	8317758
19000001	2091125	9938275338	1403761504698	233845659645	432500183621	523947	524516	804672	2562300	135852	65008	39552	8928	144	80	0	0	0.19034398998189525	15602	79888	5909	3581	2658	715	11	8	0	0	1982752	8841437
20000001	2204174	10445749681	1479623886915	246541353499	455949317904	523947	524516	820224	2703588	142150	68162	42688	8928	144	80	0	0	0.18929819053509048	15909	84346	6185	3772	2857	715	11	8	0	0	2090370	9349192
21000001	2314518	10970418542	1553655759753	258876344945	478915564712	523947	524516	845472	2857817	148742	74753	42880	8928	144	112	0	0	0.18946894335862174	16434	89116	6469	4141	2868	715	11	9	0	0	2194754	9893669
22000001	2423177	11487898015	1626585140461	270879209517	501539056415	523947	524516	892512	3005375	152194	80684	48891	8928	144	112	0	0	0.19040180952719046	17443	93684	6617	4479	3239	715	11	9	0	0	2296979	10450126
23000001	2531818	11989371050	1699503258952	282875169443	523926851849	523947	524516	967296	3120670	161416	84336	50112	11296	176	112	0	0	0.19110494821282833	18920	97348	7032	4701	3333	887	15	9	0	0	2399572	10952505
24000001	2640250	12500149897	1772341027651	294854082291	546376365778	523947	524516	1024224	3259194	168611	84691	56392	11346	208	112	0	0	0.1918657420055941	19992	101630	7343	4719	3731	890	17	9	0	0	2501918	11516840
25000001	2749208	13026890658	1845537259860	306839653471	569122730114	523947	524516	1103472	3368528	173820	91200	56448	11360	208	112	0	0	0.1922059123117635	21594	105078	7603	5060	3739	891	17	9	0	0	2605216	12019716
26000001	2862358	13543464104	1921325647935	319463252697	592733816124	523947	524516	1134672	3492745	179684	91380	59520	11360	208	112	0	0	0.1911415695714781	22243	108894	7895	5063	3989	891	17	9	0	0	2713356	12516205
27000001	2974323	14071826031	1996178398965	331844274509	615979445490	523947	524516	1152000	3647388	185784	101440	59584	11360	208	112	0	0	0.19103243736916897	22568	113797	8154	5607	3996	891	17	9	0	0	2819283	13091429
28000001	3085721	14582923298	2071148518047	344327428510	639318602792	523947	524516	1181568	3788678	192608	104666	59642	11360	208	112	0	0	0.19067292176168135	23164	118283	8434	5786	3998	891	17	9	0	0	2925138	13624221
29000001	3196953	15102831632	2145648386001	356746160154	662313391479	523947	524516	1201152	3940197	202264	113952	61760	11392	208	144	0	0	0.19072651066460308	23531	123081	8854	6306	4143	894	17	13	0	0	3030113	14145953
30000001	3304621	15608682666	2218190139814	368754650399	684373782918	523947	524516	1246536	4086843	214150	114528	66876	15264	208	144	0	0	0.19148496028383466	24463	127504	9363	6343	4497	1202	17	13	0	0	3131218	14643433
31000001	3413876	16125487507	2291604563260	380823692384	706866960154	523947	524516	1319568	4197426	220060	118080	67872	15272	208	144	0	0	0.19156870349778377	25880	131023	9614	6530	4572	1203	17	13	0	0	3235023	15085401
32000001	3522856	16660179392	2364735202070	392885496293	729331815694	523947	524516	1389408	4313831	228212	118326	70436	15392	208	144	0	0	0.19174865025785467	27321	134746	9945	6543	4723	1210	17	13	0	0	3338337	15546315
33000001	3632182	17164374191	2437998665803	405062719845	751944543722	523947	524516	1460160	4428425	234449	119552	73010	15392	208	144	0	0	0.19185878206488538	28685	138283	10200	6604	4894	1210	17	13	0	0	3442275	16013191
34000001	3743937	17680626200	2512800945089	417531115635	775121631822	523947	524516	1511424	4541454	237260	121840	73932	17728	224	160	0	0	0.19129475907956592	29661	141732	10331	6727	4961	1415	17	13	0	0	3549079	16468921
35000001	3854990	18207680360	2587544932557	430116823332	798344500280	523947	524516	1530048	4686931	246296	124368	76304	17792	224	160	0	0	0.19091779454520588	30009	146189	10745	6857	5138	1418	17	13	0	0	3654603	16951680
36000001	3965589	18760880360	2661657580740	442468494265	821219303085	523947	524516	1560576	4835793	255341	125909	76501	17792	256	160	0	0	0.19089799469727792	30605	150742	11155	6934	5153	1418	19	13	0	0	3759549	17465664
37000001	4078288	19255928326	2737363303579	455213626569	844660884149	523947	524516	1571520	4976965	263308	128041	79634	17792	256	165	0	0	0.19020758945384894	30826	154962	11461	7055	5368	1418	19	13	0	0	3867165	17963306
38000001	4188224	19770622839	2810995921075	467443438136	867399247751	523947	524516	1600248	5137252	268004	137216	79808	17792	256	192	0	0	0.19054652130140734	31456	159962	11673	7563	5379	1418	19	16	0	0	3970737	18513396
39000001	4296495	20291064901	2883593771499	479417357104	889682924269	523947	524516	1653001	5281452	273951	140723	86740	19617	281	192	0	0	0.19117837971337487	32453	164468	11943	7747	5940	1579	20	16	0	0	4072328	19040823
40000001	4405670	20802817230	2956792014244	491513106770	912225102840	523947	524516	1726992	5394493	281446	144214	88864	20160	288	192	0	0	0.1914162202145945	33852	167985	12258	7922	6082	1619	20	16	0	0	4175915	19531438
41000001	4514150	21331768831	3029517862841	503581125331	934712153298	523947	524516	1792176	5526530	287946	145917	93376	20224	320	192	0	0	0.1918702636129204	35152	172287	12546	8046	6380	1622	21	16	0	0	4278079	20062612
42000001	4624685	21860684600	3103335426030	515751158764	957627138512	523947	524516	1867369	5630969	293840	151024	93376	20224	320	192	0	0	0.1918408049561713	36624	175648	12813	8348	6380	1622	21	16	0	0	4383212	20537612
43000001	4736950	22380218453	3178711640486	528400100140	980961389439	523947	524516	1889280	5769926	300112	152080	96448	20224	320	192	0	0	0.19136236764273565	37040	179846	13078	8401	6585	1622	21	16	0	0	4490340	21029522
44000001	4847220	22892741692	3252662580133	540654441404	1003727635649	523947	524516	1911984	5923206	307104	163937	96539	20224	320	192	0	0	0.19144331383083377	37461	184739	13399	9051	6591	1622	21	16	0	0	4594319	21595130
45000001	4959156	23414344409	3327888696692	553237874067	1026942950233	523947	524516	1936368	6066123	311495	166512	96576	20224	320	192	0	0	0.19106244019861243	37927	189151	13584	9221	6594	1622	21	16	0	0	4701019	22100264
46000001	5070178	23922024311	3402406872862	565594094079	1050007288894	523947	524516	1956576	6216203	323839	173836	101358	20256	320	224	0	0	0.1911437349751362	38278	193869	14117	9615	6896	1623	21	20	0	0	4805738	22662106
47000001	5178959	24471377623	3475531001418	577582898160	1072560427144	523947	524516	2010121	6358818	335378	174390	103859	24128	320	224	0	0	0.1916433576246094	39316	198387	14644	9642	7051	1941	21	20	0	0	4907936	23205851
48000001	5289645	24995250872	3549490600287	589799082886	1095571249748	523947	524516	2084832	6465070	339424	178000	107118	24160	320	224	0	0	0.191648912673981	40799	201752	14809	9860	7289	1945	21	20	0	0	5013149	23696128
49000001	5398818	25536887392	3622896872485	601884295917	1118248151447	523947	524516	2149440	6591660	349919	178422	107418	24256	320	224	0	0	0.19187058792100842	42037	205792	15247	9880	7306	1949	21	20	0	0	5116565	24221408
50000001	5509496	26049206364	3697104854580	614091481573	1141301661309	523947	524516	2225376	6695099	353504	179446	110576	26007	332	236	0	0	0.19181151616376968	43586	209039	15406	9949	7523	2082	22	21	0	0	5221867	24716906
51000001	5622924	26571146279	3772930431409	626762750838	1164924989483	523947	524516	2267712	6813426	355923	182576	110880	26592	336	240	0	0	0.1913271531112323	44391	212689	15505	10132	7550	2116	22	23	0	0	5330495	25229434
52000001	5734953	27085638589	3848243145066	639267145353	1188489354942	523947	524516	2285568	6962761	367886	184344	113248	26656	336	240	0	0	0.19117382324665724	44744	217246	15986	10214	7741	2121	22	23	0	0	5436855	25774857
53000001	5846991	27600341275	3923154248096	651780155060	1211696456429	523947	524516	2311800	7110631	375504	187792	113472	26656	368	240	0	0	0.19106533601763517	45281	221966	16337	10400	7757	2121	24	23	0	0	5543081	26346487
54000001	5959080	28113194459	3998448669771	664339820340	1235177833095	523947	524516	2331552	7255794	384782	187920	116671	26656	368	272	0	0	0.19081508905897984	45680	226358	16732	10411	7978	2121	24	24	0	0	5649751	26904194
55000001	6069300	28627509111	4072233320632	676500042729	1258169715202	523947	524516	2364912	7408447	387134	199632	116736	26656	368	272	0	0	0.19098466925482419	46315	231294	16833	11104	7984	2121	24	24	0	0	5753600	27497338
56000001	6178514	29125141309	4145868474220	688538013529	1280856848345	523947	524516	2420640	7545673	394920	200688	123892	29012	400	272	0	0	0.19134815729735433	47443	235711	17162	11153	8488	2333	32	24	0	0	5856167	28065568
57000001	6288131	29649014492	4219524754490	700584929347	1303574188102	523947	524516	2487168	7668924	401084	204092	128398	29038	400	272	0	0	0.19156799663915797	48670	239620	17402	11329	8792	2334	32	24	0	0	5959927	28630015
58000001	6396831	30173718001	4292562250517	712571454826	1326161829947	523947	524516	2559072	7794857	407801	207600	130304	29088	432	272	0	0	0.19188665186402323	50161	243665	17675	11527	8897	2335	35	24	0	0	6062511	29201349
59000001	6509648	30690613667	4368263897296	725009185553	1349664298552	523947	524516	2626560	7899518	412634	210848	130496	29088	432	272	0	0	0.19169233573402822	51554	246932	17898	11700	8927	2335	35	24	0	0	6170242	29733155
60000001	6623970	31218557312	4444989388786	737737985534	1373527971049	523947	524516	2638848	8044925	418720	214544	133376	29088	432	272	0	0	0.19133674681105423	51792	251539	18167	11893	9129	2335	35	24	0	0	6279055	30293940
61000001	6735260	31762199924	4519870181338	750030581811	1396668823821	523947	524516	2667696	8192479	426208	224256	133472	29088	432	272	0	0	0.19137545587909088	52325	256203	18479	12407	9137	2335	35	24	0	0	6384314	30907988
62000001	6847030	32294339654	4594932687017	762605159595	1420072127635	523947	524516	2688000	8340745	432467	229008	133504	29104	432	288	0	0	0.19118625498086686	52724	260985	18771	12691	9141	2337	35	25	0	0	6490320	31475333
63000001	6956971	32811812173	4669030584122	774843617270	1442814342770	523947	524516	2715600	8492946	445888	233790	139904	29624	432	304	0	0	0.19140456839040368	53314	265796	19347	12972	9595	2382	35	25	0	0	6593504	32094290
64000001	7066540	33336352780	4742558265229	786930069624	1465561802649	523947	524516	2779680	8622284	454426	234802	140850	32992	432	304	0	0	0.1916526532554273	54605	270025	19723	13033	9671	2632	35	25	0	0	6696790	32666221
65000001	7177616	33904526705	4816898676680	799195852440	1488810465470	523947	524516	2849952	8726990	459904	237824	144154	33024	432	304	0	0	0.19157821243725828	56016	273331	19975	13203	9882	2633	35	25	0	0	6802515	33198203
66000001	7287800	34438444655	4890547914313	811234500331	1511849039226	523947	524516	2918784	8854188	469066	238322	144352	33120	432	304	0	0	0.19179648194247756	57341	277442	20363	13226	9889	2641	35	25	0	0	6906837	33779630
67000001	7399751	34943938753	4965437360396	823546599484	1535199007775	523947	524516	2990544	8957919	473506	239296	147712	35456	448	320	0	0	0.19171941504896395	58773	280795	20541	13281	10130	2829	36	26	0	0	7013339	34322971
