CallTimes	TotalTime	GenVoltageTime	GenLFTime	CheckQTime	CheckConnectTime	ReverseBTime	ReverseYTime	0	1	2	3	4	5	6	7	8	9	10	9Rate	0time	1time	2time	3time	4time	5time	6time	7time	8time	9time	10time	SuccessCaseLFTime
1	0	1137	21903	569	12515	160711	408178	1	0	0	0	0	0	0	0	0	0	1.0	0	0	0	0	0	0	0	0	0	0	0	0
1000001	133105	555385648	88357802958	14039972042	30455196562	160711	408178	14336	55278	4036	758	130	26	0	0	0	0	0.07456392543607457	156	1870	110	31	0	0	0	0	0	0	130938	1230901
2000001	266333	1190118256	177866671606	28077911831	60896487405	160711	408178	14336	109835	11660	1712	323	113	0	0	0	0	0.06898946550526724	156	3762	536	249	0	31	0	0	0	0	261599	2467673
3000001	397582	1774835868	266467977547	42187263663	91085972648	160711	408178	25088	166833	16754	1817	656	288	0	0	0	0	0.0704786431737856	505	5971	820	265	0	47	0	0	0	0	389974	3708710
4000001	530861	2450918715	356406161649	56198705238	121078821646	160711	408178	25088	223410	24375	3264	800	288	0	0	0	0	0.06930623267344183	505	7901	1245	312	0	47	0	0	0	0	520851	4950025
5000001	663860	3036104809	445722849714	70209990957	151487840344	160711	408178	27621	280868	35242	3914	1128	288	0	0	0	0	0.0698121860375628	536	9966	1668	328	31	47	0	0	0	0	651284	6215777
6000001	798417	3507038201	534094626622	84271313489	181838378346	160711	408178	40024	341940	39928	4684	1652	288	0	0	0	0	0.07141932143011309	788	11874	1873	406	31	47	0	0	0	0	783398	7499422
7000001	932430	4066176453	624126981343	98175943515	211775740923	160711	408178	48384	396554	49243	5212	1984	288	0	0	0	0	0.07166641833336881	947	13694	2234	422	31	47	0	0	0	0	915055	8779960
8000001	1064494	4648602829	713732692766	111999553681	242039418289	160711	408178	60068	457210	53942	5825	2450	320	0	0	0	32	0.07248086593989175	1233	15872	2513	500	61	47	0	0	0	1	1044267	10054783
9000001	1196445	5150468055	802526149816	126033640783	272520479490	160711	408178	71064	517371	58384	6288	2608	320	0	0	0	32	0.07289632523374164	1436	17991	2658	535	93	47	0	0	0	1	1173684	11322271
10000001	1331380	5681413817	893155724280	139941805468	303088413835	160711	408178	73472	576325	66618	7108	2766	330	0	0	0	32	0.07266509273349073	1469	19823	3157	644	109	47	0	0	0	1	1306130	12590351
11000001	1464055	6245139974	983350922502	153973941149	333372003330	160711	408178	78592	634860	72642	7659	2992	384	0	0	0	32	0.07246917523007498	1549	21555	3517	691	124	47	0	0	0	1	1436571	13858096
12000001	1597539	6717047115	1072743556221	167970526479	364060329062	160711	408178	82770	693076	79790	8484	3250	384	0	0	0	32	0.07231549397370883	1611	23844	3829	769	140	47	0	0	0	1	1567298	15109464
13000001	1729999	7273645914	1162399269302	181793875227	394541906147	160711	408178	86281	744675	88819	9302	3639	384	0	0	0	32	0.07177937909389391	1721	25321	4192	832	155	47	0	0	0	1	1697730	16348389
14000001	1862263	7771077987	1250517022409	195699267860	425553369681	160711	408178	94234	804376	95238	10152	4052	400	13	0	0	32	0.07203549485460752	1862	27309	4490	879	201	47	0	0	0	1	1827474	17617317
15000001	1995182	8327314695	1338978765377	209532701446	455884047425	160711	408178	109735	862445	101781	10645	4540	464	32	7	0	32	0.07264539515697366	2098	29295	4901	925	232	62	0	0	0	1	1957668	18930691
16000001	2126944	8855000180	1428388789554	223338280656	486490694020	160711	408178	118612	921426	107681	11014	5028	464	64	32	0	32	0.07277205795174638	2253	31140	5319	940	247	62	0	0	0	1	2086982	20216532
17000001	2258220	9354559613	1517061779901	237012675526	516609042139	160711	408178	144856	975160	110176	11504	5472	496	64	32	0	32	0.07339952509414559	2631	32746	5464	1003	264	63	0	0	0	1	2216048	21510955
18000001	2389873	9912285272	1606682285653	251019097733	547362636534	160711	408178	153088	1029459	114954	12389	5632	528	64	32	0	32	0.07312099593772245	2741	34459	5590	1051	280	63	0	0	0	1	2345688	22762565
19000001	2520629	10410830888	1696708069916	264962281133	577569402112	160711	408178	156560	1086398	122688	13264	5872	718	64	32	0	32	0.0729277856353797	2804	36353	5795	1082	280	78	0	0	0	1	2474236	24047767
20000001	2651436	10909686882	1786145557300	278857482999	608236763557	160711	408178	163840	1141021	128642	13429	6128	784	64	32	0	32	0.07269859636507019	2978	38528	6097	1114	312	78	0	0	0	1	2602328	25315548
21000001	2785236	11471847585	1875971674809	292684405005	639167337578	160711	408178	163840	1200980	136604	14786	6334	784	64	32	0	32	0.07254552035497522	2978	40427	6474	1193	344	78	0	0	0	1	2733741	26591499
22000001	2917566	12028740921	1965348506681	306528917298	670308120762	160711	408178	168976	1255589	146527	15526	6708	784	64	32	0	32	0.07246536034248362	3074	42065	6678	1223	407	78	0	0	0	1	2864040	27906411
23000001	3051789	12557082781	2055348118047	320354520552	700309279560	160711	408178	182704	1319439	150810	16325	7229	784	64	32	0	32	0.07293125769864096	3343	44050	6834	1286	486	78	0	0	0	1	2995711	29214518
24000001	3186392	13086297347	2145804394686	334461908531	730306241389	160711	408178	188828	1370296	160960	16892	7544	784	64	32	0	32	0.07272633030306958	3466	45567	7335	1334	502	78	0	0	0	1	3128109	30519788
25000001	3317893	13641604993	2234123813555	348151591530	761098218643	160711	408178	201816	1434615	165219	17503	8018	816	64	32	0	64	0.07312587707496492	3857	47625	7537	1397	550	78	0	0	0	17	3256832	31827332
26000001	3451527	14263042828	2322930860587	361984539280	791849612857	160711	408178	212224	1493775	169182	17792	8080	816	64	32	0	64	0.07315495872480927	4063	49854	7742	1397	550	78	0	0	0	17	3387826	33118380
27000001	3586425	14791424534	2413165689346	376207868284	822199137524	160711	408178	212224	1550224	178199	18720	8400	880	64	32	0	64	0.0729187750770824	4063	51550	8228	1459	598	78	0	0	0	17	3520432	34407204
28000001	3719554	15346411471	2502446179769	390223773137	853187864375	160711	408178	220256	1611596	182996	19168	8464	880	64	32	0	64	0.07298285453632662	4191	53699	8371	1490	598	78	0	0	0	17	3651110	35718234
29000001	3853749	15937513939	2592302310469	404289706597	884111075685	160711	408178	221696	1667413	191728	20096	8768	880	64	32	0	64	0.07278416990399414	4238	55597	8777	1601	630	78	0	0	0	17	3782811	36983718
30000001	3987774	16467670986	2682252362926	418317291898	915055702982	160711	408178	226304	1719354	200901	21101	9216	880	64	32	0	64	0.07259719758009342	4364	57343	9167	1601	662	78	0	0	0	17	3914542	38262394
31000001	4121858	16970400690	2771262510779	431951231985	945627803742	160711	408178	236824	1782020	206325	21817	9632	896	96	32	0	64	0.07282922345712182	4633	59499	9497	1601	662	78	2	0	0	17	4045869	39577375
32000001	4256297	17557478263	2860408065435	445990721669	976151085666	160711	408178	250880	1837695	213029	22236	10121	960	96	64	0	64	0.07297327896958503	5007	61166	9672	1632	724	78	2	0	0	17	4177999	40903882
33000001	4387522	18084495701	2949394913572	459869566443	1006619154660	160711	408178	264736	1896794	218694	22694	10608	960	128	64	0	64	0.07317399778260612	5324	63016	9937	1663	740	78	17	0	0	17	4306730	42240088
34000001	4521575	18612505248	3038180708033	474191312433	1037710718824	160711	408178	284672	1949749	221388	23412	10944	992	128	64	0	64	0.07327685078597497	5564	65253	10077	1695	790	94	17	0	0	17	4438068	43542554
35000001	4654871	19144790633	3128517905118	488090087411	1068312762899	160711	408178	291840	2003930	227008	24268	11104	1024	128	64	0	64	0.07312656933924087	5676	67434	10294	1742	838	94	17	0	0	17	4568759	44829682
36000001	4785797	19673178717	3217605116158	502292565508	1099029867802	160711	408178	299008	2061524	233882	24768	11432	1280	128	64	0	64	0.0731152757467979	5817	69423	10483	1851	854	141	17	0	0	17	4697194	46143548
37000001	4916607	20296414764	3307049913809	516374266287	1130322329811	160711	408178	302592	2116546	239806	25099	11618	1280	128	64	0	64	0.07289721424602123	5882	70961	11005	1851	869	141	17	0	0	17	4825864	47444561
38000001	5051276	20939563911	3397584783962	530334230507	1161190077250	160711	408178	302592	2174746	250756	26426	11915	1280	128	64	0	64	0.07284134018838578	5882	72646	11492	1913	932	141	17	0	0	17	4958236	48754852
39000001	5185213	21529871446	3487214654556	544221964950	1192052896306	160711	408178	309156	2232047	257800	27386	12340	1280	128	64	0	64	0.07282730582494087	5976	74207	11647	1928	963	141	17	0	0	17	5090317	50099918
40000001	5317869	22092204824	3576474103784	557881257877	1222514392743	160711	408178	322816	2293890	263696	27872	12774	1280	128	64	0	64	0.07306459817338505	6148	76312	11773	2007	994	141	17	0	0	17	5220460	51441251
41000001	5451700	22591960315	3666663871300	571714541336	1253570182167	160711	408178	329572	2346574	272088	28496	13134	1293	128	64	0	64	0.07296129090338314	6320	78173	12242	2038	1010	141	17	0	0	17	5351742	52786100
42000001	5585018	23092117092	3755870161406	585199775543	1284047710904	160711	408178	344579	2412581	276048	29232	13552	1312	128	64	0	96	0.07327599825533337	6709	80081	12384	2056	1057	141	17	0	0	17	5482556	54131565
43000001	5720086	23563386467	3846309762914	599440762600	1315265855897	160711	408178	350976	2468804	282262	29316	13552	1312	128	64	0	96	0.07317464946105466	6836	82135	12553	2056	1057	141	17	0	0	17	5615274	55432998
44000001	5852668	24061043199	3936451222119	613359165075	1345921604447	160711	408178	352284	2528253	289655	30494	13926	1376	128	64	0	96	0.07309718015688227	6837	83921	12820	2119	1151	141	17	0	0	17	5745645	56778070
45000001	5986079	24596563125	4026696721409	627139577968	1376802554703	160711	408178	359680	2587430	295627	30928	13936	1376	128	64	0	96	0.07309477615344942	6960	85892	13086	2196	1151	141	17	0	0	17	5876619	58105907
46000001	6119469	25130230005	4117999934059	641056389535	1407050142946	160711	408178	361180	2642213	303705	31722	14331	1376	128	64	0	96	0.07293075928411392	7009	87643	13509	2306	1231	141	17	0	0	17	6007596	59399050
47000001	6253295	25750287614	4208160701193	655161980438	1438087533719	160711	408178	365951	2694400	313269	32948	14734	1381	128	64	0	96	0.07282916866320918	7043	89521	14068	2306	1262	141	17	0	0	17	6138920	60710662
48000001	6387956	26249706578	4298180268040	668964820478	1468050886184	160711	408178	378808	2757470	317578	33356	15212	1398	160	64	0	96	0.0730029568124384	7369	91665	14242	2337	1293	141	19	0	0	17	6270873	62082673
49000001	6521227	26748394238	4387113291210	682679202882	1499834611247	160711	408178	389632	2813924	325596	33875	15702	1456	160	96	0	96	0.07307218218220037	7560	93631	14747	2368	1293	141	19	0	0	17	6401451	63420369
50000001	6652798	27251457465	4476134390101	696550608147	1531306942372	160711	408178	406736	2871181	329735	34340	16188	1456	192	96	0	96	0.07320039853599203	8003	95524	14952	2384	1324	141	19	0	0	17	6530434	64788363
51000001	6786768	27726289809	4566133290512	710521180800	1562071487239	160711	408178	427344	2925385	332000	35088	16416	1488	192	96	0	96	0.07329617503340834	8256	97204	15016	2415	1326	141	19	0	0	17	6662374	66124929
52000001	6918874	28226113517	4656900787904	724483776727	1593151911106	160711	408178	430592	2978519	339556	36104	16588	1520	192	96	0	96	0.07313967167039093	8305	99243	15565	2525	1342	141	19	0	0	17	6791717	67446881
53000001	7050941	28786361771	4748759864992	738361898923	1623071538931	160711	408178	438404	3035919	346112	36272	17072	1776	192	96	0	96	0.07313092314847315	8475	101355	15835	2541	1357	157	19	0	0	17	6921185	68780019
54000001	7183667	29348503837	4840094457969	752236423397	1654308648897	160711	408178	441344	3093350	352239	37038	17199	1776	192	96	0	96	0.0730246282773217	8538	103252	16069	2556	1357	157	19	0	0	17	7051702	70121043
55000001	7316907	29938748617	4930785563154	766202756194	1685370994030	160711	408178	443198	3152432	361861	38014	17509	1776	192	96	0	96	0.0730031623090334	8538	104902	16400	2682	1372	157	19	0	0	17	7182820	71482753
56000001	7450724	30498824845	5020690793758	780200921437	1716068979632	160711	408178	452404	3207946	368632	39012	17936	1776	192	96	0	96	0.07300160583925704	8681	106808	16572	2697	1404	157	19	0	0	17	7314369	72842219
57000001	7584004	31029283426	5110333508513	794211524281	1747125324615	160711	408178	462912	3268098	376252	39390	18328	1776	192	96	0	96	0.07310771801565406	8884	108727	16948	2712	1419	157	19	0	0	17	7445121	74221443
58000001	7716265	31534045431	5201333303653	808071067870	1777708554590	160711	408178	470754	3324645	383336	40145	18704	1808	192	96	0	104	0.07309972287759098	9136	110716	17261	2806	1450	157	19	0	0	17	7574703	75596896
59000001	7846965	32039948513	5291184019904	821869396226	1808198643810	160711	408178	486144	3388951	386411	40740	19024	1808	192	96	0	128	0.0732795580800075	9358	112720	17448	2806	1481	157	19	0	0	18	7702958	76979089
60000001	7980565	32541461988	5382754430178	835859507073	1838754407108	160711	408178	489728	3443011	394333	41360	19024	1808	192	96	0	128	0.0731613321139778	9467	114725	17746	2837	1481	157	19	0	0	18	7834115	78299554
61000001	8113645	33043179550	5473621045315	849782875403	1869580157720	160711	408178	493756	3505012	400064	42048	19408	1872	192	96	0	128	0.07315698240726258	9532	116865	17948	2883	1529	157	19	0	0	18	7964694	79689301
62000001	8248399	33547980225	5565003689806	863641251790	1900863040181	160711	408178	498432	3561925	408013	42593	19458	1872	192	96	0	128	0.0731082084982547	9610	119176	18214	2961	1529	157	19	0	0	18	8096715	81032593
63000001	8381369	34117352513	5656028675285	877418138121	1932681468128	160711	408178	500736	3616992	416232	43497	19904	1872	192	96	0	128	0.07301030042840793	9626	120873	18559	3072	1544	157	19	0	0	18	8227501	82363852
64000001	8515802	34619266425	5747483494643	891292771853	1963411606596	160711	408178	507096	3669994	424240	44477	20332	1888	192	96	0	128	0.07294442073524343	9754	122629	18840	3135	1575	157	19	0	0	18	8359675	83703982
65000001	8647738	35150363203	5837177318574	904800873863	1994083610591	160711	408178	524904	3732539	428408	44970	20793	1949	224	96	0	128	0.07313862964402108	10103	124824	18953	3182	1591	157	19	0	0	18	8488891	85126128
66000001	8782098	35690232585	5927686796084	918929068290	2026540247869	160711	408178	530736	3789639	436737	45441	21282	1952	224	128	0	128	0.07312525646779915	10290	126777	19420	3275	1591	157	19	0	0	18	8620551	86485853
67000001	8914333	36194353999	6017795641194	932582781039	2057995460748	160711	408178	551364	3845418	440490	45962	21806	1971	256	128	0	128	0.0732466108470655	10757	128547	19530	3322	1637	157	34	0	0	18	8750331	87894519
