CallTimes	TotalTime	GenVoltageTime	GenLFTime	CheckQTime	CheckConnectTime	ReverseBTime	ReverseYTime	0	1	2	3	4	5	6	7	8	9	10	9Rate	0time	1time	2time	3time	4time	5time	6time	7time	8time	9time	10time
1	0	1137	99554	17352	40107	617813	412160	0	0	0	0	0	0	0	0	0	0	0.0	0	0	0	0	0	0	0	0	0	0	0
1000001	115551	472301595	77300242243	14495623027	22337040367	617813	412160	7168	47355	5885	2383	0	0	0	0	0	0	0.06279093720906279	173	907	201	141	0	0	0	0	0	0	114129
2000001	232381	944982379	155462895874	29134200165	44925511155	617813	412160	7168	94374	8958	2673	128	0	0	0	32	0	0.05666647166676417	173	1741	342	156	0	0	0	0	0	0	229969
3000001	348478	1418023669	233141118063	43703542812	67385555947	617813	412160	12544	138685	14096	5536	128	128	0	0	32	0	0.05704964765011745	299	2677	452	346	0	0	0	0	0	0	344704
4000001	464953	1892593276	311073006959	58297539257	89919492929	617813	412160	12544	187032	19046	5848	128	128	0	0	32	0	0.056189485952628515	299	3708	577	346	0	0	0	0	0	0	460023
5000001	580625	2364374783	388496378231	72752542252	112280289097	617813	412160	12544	240212	26095	6274	128	160	32	0	32	0	0.057095388580922286	299	4679	827	377	0	0	0	0	0	0	574443
6000001	694499	2837522027	464777320159	86925639527	134297931562	617813	412160	19712	306265	30090	6493	224	253	93	0	48	48	0.06053765657705724	330	6096	952	409	0	0	0	0	0	0	686712
7000001	808501	3311000735	541161187282	101130838447	156320554371	617813	412160	26880	371560	33493	6608	288	256	96	0	48	48	0.0627538481780217	532	7133	1107	425	0	0	0	0	0	0	799304
8000001	921658	3782716425	617024045129	115202383035	178175456243	617813	412160	37632	439065	38089	6932	516	386	113	0	48	80	0.0653576168302979	830	8278	1216	440	0	0	0	0	0	0	910894
9000001	1036452	4255091476	693884956991	129539525540	200349995572	617813	412160	44492	496190	43056	7152	576	448	128	32	48	80	0.06580021491108723	955	9288	1324	440	0	0	0	0	0	0	1024445
10000001	1152437	4726254515	771532872007	144073143946	222767507249	617813	412160	45696	547036	48057	7247	576	448	128	32	48	80	0.06493479350652065	1018	10301	1512	440	0	0	0	0	0	0	1139166
11000001	1268157	5198223871	848994796486	158569264709	245132084677	617813	412160	47488	596645	56400	7792	608	480	128	32	48	80	0.06451826686197575	1033	11071	1796	440	0	0	0	0	0	0	1253817
12000001	1384021	5671113863	926522844594	173090616260	267519569296	617813	412160	49280	645936	62977	9218	658	480	153	32	48	80	0.06407182799401433	1096	12166	2029	487	0	0	0	0	0	0	1368243
13000001	1499511	6144516980	1003850829484	187524853320	289849935580	617813	412160	51381	699608	67577	10518	870	512	211	32	80	118	0.06391591816031399	1127	13339	2183	487	31	15	0	0	0	15	1482314
14000001	1613392	6615414427	1080179875004	201701823520	311842217955	617813	412160	57890	765751	69896	11857	2490	512	224	32	80	144	0.06491970964859217	1220	14806	2214	582	125	15	0	0	0	15	1594415
15000001	1727227	7086560549	1156455570028	215854391645	333839170160	617813	412160	64415	833159	72427	12826	2823	551	256	32	80	208	0.06578512894765808	1283	16059	2307	629	140	15	0	0	0	15	1706779
16000001	1840824	7557506024	1232543285848	230004475095	355790260777	617813	412160	70924	901481	76945	13170	2914	576	256	32	81	208	0.06666168333364479	1345	17405	2481	629	140	15	0	0	0	15	1818794
17000001	1954118	8028603892	1308481272001	244093751874	377689363677	617813	412160	86380	963594	81406	13738	3088	592	320	32	128	224	0.06761776072836702	1579	18542	2653	645	140	15	0	0	0	15	1930529
18000001	2069861	8501991460	1385929755147	258609389646	400062983377	617813	412160	90496	1012365	85935	16112	3173	592	320	32	149	224	0.06718877404506811	1641	19620	2793	771	140	15	0	0	16	15	2044850
19000001	2187820	8978478472	1464934965552	273334119729	422866711287	617813	412160	92232	1057533	89285	16870	3216	653	320	32	160	224	0.06634341756087277	1721	20432	2902	818	140	31	0	0	16	15	2161745
20000001	2303819	9451582894	1542525039649	287889933801	445296564398	617813	412160	95872	1103988	95088	19056	3216	720	320	32	160	224	0.06593379670331016	1753	21412	3120	880	140	31	0	0	16	15	2276452
21000001	2420403	9924753883	1620541638418	302489778760	467859302150	617813	412160	95872	1149904	99322	19632	3216	720	320	32	160	224	0.06520961594239924	1753	22334	3246	944	140	31	0	0	16	15	2391924
22000001	2535116	10398007021	1697365149866	316811044886	490033861907	617813	412160	95872	1211812	106870	19822	3216	752	352	32	160	224	0.06541417884481006	1753	23424	3467	944	140	31	0	0	16	15	2505326
23000001	2648532	10870455018	1773355979134	330907858608	511955417084	617813	412160	108304	1276915	109986	20052	3312	848	416	32	176	272	0.06610056234345381	2065	24708	3545	944	140	31	0	0	48	31	2617020
24000001	2763001	11342478003	1850016514708	345184827266	534070843451	617813	412160	112196	1339907	114165	20199	3412	866	416	32	176	290	0.06631912223670323	2159	25773	3656	944	140	47	0	0	48	31	2730203
25000001	2876288	11814875856	1925927416251	359261949395	555945520390	617813	412160	122276	1408988	119028	20592	3664	1020	448	44	176	304	0.06706159731753611	2303	27015	3812	944	171	47	0	0	48	31	2841917
26000001	2991627	12286371253	2003134158285	373702990984	578239013080	617813	412160	129024	1461105	123688	20672	3664	1040	448	64	176	304	0.06693018973345424	2413	28173	3999	944	171	47	0	0	48	31	2955801
27000001	3107527	12760007283	2080698590573	388222853594	600650803171	617813	412160	129024	1512238	130342	21152	3664	1040	448	64	176	304	0.06660933086632108	2413	29170	4046	960	171	47	0	0	48	31	3070641
28000001	3223333	13234609748	2158218146908	402741103739	623034302442	617813	412160	132272	1561676	136880	21312	3696	1072	448	64	176	304	0.0663535690588011	2492	30171	4292	960	171	47	0	0	48	31	3185121
29000001	3339189	13707620480	2235751660388	417252561452	645438268445	617813	412160	132608	1611792	143492	23616	3840	1072	480	64	196	304	0.06611944599588117	2507	30980	4401	1054	187	47	0	0	48	31	3299934
30000001	3454461	14182757760	2312920711556	431648551618	667726760008	617813	412160	136192	1666723	147600	24316	4208	1104	544	64	208	368	0.06604423113185896	2632	31915	4525	1069	202	47	0	0	48	31	3413992
31000001	3567856	14655210712	2388884057406	445744804991	689635225236	617813	412160	143360	1737157	149921	25521	5681	1104	544	64	208	368	0.0665783204329574	2678	33029	4667	1116	248	47	0	0	48	31	3525992
32000001	3681596	15125156048	2465112507347	459899329571	711630174437	617813	412160	150528	1804153	153041	26496	5936	1168	576	64	208	432	0.0669563104076153	2786	34381	4821	1196	248	63	0	0	48	61	3637992
33000001	3795359	15597747538	2541350276241	474053257456	733604904783	617813	412160	157276	1871523	156950	26745	6057	1168	576	64	222	446	0.06730384644533799	2909	35629	4945	1227	279	63	0	0	48	77	3750182
34000001	3909221	16071399194	2617618203969	488256664263	755596322398	617813	412160	170240	1929078	163063	27386	6176	1184	640	64	256	448	0.06760396859988328	3113	36903	5133	1291	279	79	0	0	48	77	3862298
35000001	4025522	16544385911	2695419235934	502847619125	778066179543	617813	412160	173824	1976568	165698	29632	6304	1184	640	64	288	448	0.06727571236355108	3129	37774	5196	1371	294	79	0	0	96	77	3977506
36000001	4141774	17018151446	2773223682878	517417485885	800539123922	617813	412160	177408	2021709	169848	31580	6304	1312	640	64	288	448	0.06693335925185113	3177	38573	5320	1417	294	79	0	0	96	77	4092741
37000001	4257903	17491713916	2850951721476	531978994502	822977542863	617813	412160	179200	2069646	175435	32576	6304	1312	640	64	288	448	0.06664629549604607	3208	39723	5510	1448	294	79	0	0	96	77	4207468
38000001	4374439	17964371477	2928937854363	546567952848	845516603358	617813	412160	179200	2115386	181335	33152	6304	1312	640	64	288	448	0.06626655088772235	3208	40731	5729	1509	294	79	0	0	96	77	4322716
39000001	4489149	18437187546	3005748840655	560882295329	867680077270	617813	412160	179200	2178443	187502	33419	6329	1394	696	64	301	460	0.06635404958066539	3208	41794	5914	1540	294	79	31	0	96	77	4436116
40000001	4602264	18909213132	3081586618231	574938364974	889530928801	617813	412160	193536	2245295	190280	33584	6400	1440	736	64	304	496	0.06680337332991566	3597	43013	6056	1570	294	79	31	0	96	77	4547451
41000001	4716597	19381836994	3158172433774	589198539124	911621452949	617813	412160	197120	2309099	194885	33802	6554	1472	736	64	304	528	0.06694058373315649	3659	44192	6230	1570	310	79	31	0	96	77	4660353
42000001	4829573	19854638555	3233921338847	603241703221	933461621280	617813	412160	208453	2378333	199072	34192	6752	1632	768	96	304	528	0.06738404601466558	3768	45400	6386	1586	325	94	31	0	96	77	4771810
43000001	4945390	20326903548	3311400629746	617769659178	955856846726	617813	412160	212352	2427936	204960	34192	6752	1632	768	96	304	528	0.06719813797213632	3846	46458	6572	1586	325	94	31	0	96	77	4886305
44000001	5061397	20797362436	3389064451578	632299588569	978285563273	617813	412160	212352	2476942	212142	34807	6779	1659	768	96	304	528	0.06696311211447473	3846	47287	6758	1649	341	94	31	0	96	77	5001218
45000001	5177140	21270416644	3466537412171	646812929476	1000649187820	617813	412160	215936	2528089	218131	34832	6784	1664	768	96	304	528	0.06682515407055213	3893	48303	6914	1649	341	94	31	0	96	77	5115742
46000001	5293063	21743136166	3544121626480	661313985139	1023046455888	617813	412160	215936	2577737	224293	37520	6992	1679	800	96	336	528	0.06665036811629635	3893	49161	7088	1773	341	94	31	0	96	77	5230509
47000001	5408199	22214331245	3621208494821	675676230522	1045318717354	617813	412160	220571	2633664	227252	38312	7736	1696	864	96	336	592	0.06661955177405209	3986	50157	7226	1837	341	94	31	0	96	93	5344338
48000001	5521223	22687075781	3696966442005	689713191185	1067152649876	617813	412160	227080	2708441	230432	39191	8963	1700	867	96	336	598	0.06703549860342711	4033	51795	7290	1869	357	94	31	0	96	93	5455565
49000001	5635825	23159341995	3773749315127	703984079176	1089300136800	617813	412160	233856	2767388	233666	40016	9024	1760	896	96	336	656	0.06709579454906542	4158	52706	7492	1915	357	94	31	0	96	108	5568868
50000001	5748512	23630869713	3849284648114	717981698324	1111066680186	617813	412160	243656	2841462	237758	40438	9188	1772	943	96	375	672	0.06752719864945603	4237	53905	7665	1947	357	94	31	0	96	108	5680072
51000001	5863111	24102452825	3926023348010	732311077238	1133196612577	617813	412160	255528	2893233	243513	41539	9264	1776	960	96	384	672	0.06758754769436182	4534	54721	7836	1962	357	94	31	0	96	108	5793372
52000001	5979465	24574513898	4003853701839	746896259499	1155718645099	617813	412160	257152	2941447	245864	43152	9392	1776	960	96	416	672	0.06732551793604773	4597	55786	7883	2054	405	94	31	0	96	108	5908411
53000001	6095604	25046196141	4081548672389	761456621612	1178171296165	617813	412160	261058	2986856	251040	46096	9392	1904	960	96	416	672	0.06714131948789963	4674	56676	8053	2164	405	110	31	0	96	108	6023287
54000001	6212138	25518396173	4159485586717	776066023968	1200711617632	617813	412160	262528	3032970	255247	46096	9392	1904	960	96	416	672	0.06685705431746196	4690	57453	8164	2164	405	110	31	0	96	108	6138917
55000001	6327803	25991217695	4236910738309	790537481232	1223083127305	617813	412160	262528	3084133	263078	46776	9392	1930	986	96	416	672	0.06672739878677457	4690	58283	8476	2180	405	110	46	0	96	108	6253409
56000001	6442332	26463926163	4313616601921	804800727201	1245219681331	617813	412160	266980	3147218	267444	47000	9464	2000	1024	96	432	708	0.0668279630923578	4737	59634	8554	2211	405	110	46	0	96	108	6366431
57000001	6555907	26936314101	4389703033364	818938116132	1267150116606	617813	412160	276864	3214358	270794	47132	9516	2032	1056	96	432	720	0.06707017426192677	4988	60867	8618	2227	405	110	46	0	96	108	6478442
58000001	6670055	27412269063	4466175856979	833172265429	1289210923667	617813	412160	282268	3277967	275288	47368	9688	2080	1056	96	432	752	0.06718956780707641	5160	62027	8772	2227	405	110	46	0	96	108	6591104
59000001	6783560	27885911903	4542246179125	847306801023	1311138208177	617813	412160	293888	3342014	279564	47712	9840	2224	1088	128	432	752	0.06741765987427695	5347	63131	8835	2243	405	110	46	0	96	108	6703239
60000001	6899201	28356943282	4619614129322	861799715842	1333488573719	617813	412160	295680	3395421	285392	47712	9840	2224	1088	128	432	752	0.06731114887814751	5379	63926	9023	2243	405	110	46	0	96	108	6817865
61000001	7015421	28829501536	4697382368373	876346372405	1355974304769	617813	412160	296926	3441490	292816	48352	9872	2256	1088	128	432	752	0.06711658906366247	5411	64786	9161	2259	405	142	46	0	96	108	6933007
62000001	7130907	29301901502	4774671034847	890825694069	1378290795617	617813	412160	299264	3493910	299869	48649	9872	2256	1088	128	432	752	0.06703580537039024	5519	65788	9303	2259	405	142	46	0	96	108	7047241
63000001	7246922	29774033986	4852353766516	905348304743	1400714151022	617813	412160	299264	3542839	304971	51040	10096	2288	1130	128	464	752	0.06687257036710206	5519	66596	9429	2290	436	158	46	0	96	108	7162244
64000001	7361146	30246690362	4928854482981	919584780486	1422792072824	617813	412160	306432	3605172	307248	52217	11269	2288	1184	128	464	816	0.06698778020331593	5598	67874	9572	2413	483	158	61	0	96	108	7274783
65000001	7474353	30718628003	5004716128691	933644378682	1444675232778	617813	412160	313432	3678180	310276	52766	12079	2319	1215	128	464	876	0.06725746050373138	5705	69356	9633	2445	514	158	61	0	96	124	7386261
66000001	7588897	31192933101	5081440011283	947917202655	1466805242171	617813	412160	319928	3738835	313869	53536	12112	2352	1216	128	464	880	0.0673230292829844	5828	70733	9710	2461	514	158	61	0	96	124	7499212
67000001	7701810	31664276192	5157163200298	961934838138	1488586785996	617813	412160	331058	3809993	318048	54054	12326	2368	1280	128	512	896	0.0676218348116144	5969	72120	9821	2477	514	158	61	0	111	124	7610455
